10017,20.725568490523944,3754428
10026,18.657741193061813,197907
10035,18.55109201667149,167771
10044,19.100809283994067,5984
10305,39.357147899557006,185
10314,29.991464831586022,824
10458,24.141900740254297,716
10467,24.044552304759975,635
11205,22.722357788887354,63559
11214,22.600455465528707,772
11223,25.386124105326378,871
11232,21.301859082241105,7527
10009,19.526840056481927,1890560
10018,20.370394477571104,2210965
10027,18.93648826164912,464872
10036,20.533708738712566,3392931
10306,20.979257154903774,70
10459,25.735077539411915,476
10468,26.80882841694127,785
11206,21.36372120363376,65779
11215,21.481980874704163,117761
11224,21.55108155019813,217
11233,24.338380220074132,2424
11251,20.463661943843224,1429
10001,20.512233716439432,5171583
10010,20.057206941011632,2902614
10019,20.391944094506115,5243125
10028,19.591439789503955,2374656
10037,17.4620765192767,20323
10280,19.080140125694168,493015
10307,93.42388601303101,10
10451,19.15481374880624,7407
10460,23.21828510464846,834
10469,29.451951039083507,218
11207,25.000496271190947,1383
11216,21.607017357827665,22135
11225,20.454411996670498,11767
11234,33.70752498998362,680
10002,19.59184668607221,1833524
10011,20.137918083016604,5113438
10020,21.958902745175415,241359
10029,18.52933227370294,593676
10038,18.873884717732196,508610
10065,19.887611376759768,2358995
10128,19.40827622475879,1907793
10308,21.940398724873862,15
10452,20.165043252253337,2554
10461,25.8149854666939,628
10470,19.191416641798888,110
11208,24.85104347831053,988
11217,20.43369116692592,220288
11226,21.032340951034417,5365
11235,27.47685844594713,1059
10003,20.0557195451438,5334417
10012,20.014515702087134,2783666
10021,19.55942597733517,2979453
10030,18.418281212677094,19850
10039,18.95436539252697,5075
10075,19.588975645827134,1107244
10309,35.070909596728875,26
10453,20.848195984392305,1993
10462,22.889753929708814,2188
10471,30.816621184416668,551
11209,27.665855243701643,2170
11218,20.69261464277113,10182
11236,26.17148007874147,781
10004,19.23823767345421,366583
10013,19.940497336785224,2646725
10022,20.308732152325536,5062913
10031,17.880781777774473,117351
10040,19.846831063367265,4608
10301,18.138895403407513,110
10310,19.769115754027865,67
10454,17.854204671662536,4059
10463,30.797470601322193,1438
10472,18.98865556535293,763
11201,19.782629794631678,594580
11210,20.734834698308433,1066
11219,24.059967974766124,804
11228,28.920988190144957,409
11237,21.076838832904937,17463
10005,18.603642949514335,465251
10014,19.97403170328012,3587651
10023,19.94580997338237,4176728
10032,18.083887425426052,73750
10302,16.494097630182903,12
10455,18.40569523529579,887
10464,34.28125753005346,96
10473,22.444479446189064,412
11211,20.619471052564773,792037
11220,22.404401260563773,2664
11229,32.85819725516582,458
11238,20.983622622380665,63286
10006,19.489501451084326,248453
10024,19.900340785184238,2532320
10033,18.85194712266987,21360
10303,19.903235769531918,53
10312,37.208164688161744,196
10456,22.73008188593655,975
10465,39.11709263636952,336
10474,20.470535022952546,422
11203,20.489100985565766,1239
11212,22.709339020477266,735
11221,21.62157872387046,16236
11230,21.315493022642855,3371
11239,21.16934929938006,169
10007,19.41253999932882,1162545
10016,19.915502778517133,4845997
10025,19.38762818976227,1955253
10034,18.88104364214044,5902
10304,28.90875710043118,139
10457,21.313996032969,746
10466,16.218714384890315,134
10475,66.78818815902427,135
11204,21.193280821518517,2120
11213,25.15422041779955,3784
11222,21.40493726551726,130322
11231,20.847049701211017,159302
