10017,20.29292546535873,3902946
10026,18.87219905876851,299927
10035,18.8673936611676,364560
10044,19.613373369891676,40238
10305,24.681233598775272,3607
10314,23.665369235872696,4240
10458,16.341075856824478,13124
10467,15.343699184803553,12561
11205,20.7467509457419,236989
11214,18.146733019930778,12962
11223,17.67900322136303,11200
11232,20.411091882690563,44651
10009,19.96126693855317,1770196
10018,20.107535531952827,2270639
10027,18.6764856114052,563709
10036,20.184959012340787,3258766
10306,23.139835264235103,1712
10459,14.956987813027808,4928
10468,15.7953486222882,10879
11206,20.42413865506334,253080
11215,21.036735019997156,377704
11224,16.582299156519518,4303
11233,18.127575045253796,27413
11251,20.417207890236764,6758
10001,20.646075278513614,4994720
10010,20.199963988963255,2736292
10019,20.157841521086716,4993598
10028,20.0320929452448,2404816
10037,16.910382669479205,74965
10280,18.836981253220372,442360
10307,27.758498569136684,206
10451,17.323885319372607,32668
10460,15.09309816837906,6385
10469,15.68020337507018,4978
11207,18.248523418690212,16370
11216,20.078478036373124,143790
11225,19.84588944952565,72344
11234,18.171942769756527,9870
10002,19.32905081060577,1670619
10011,20.384547442285218,4417915
10020,20.714173383903493,318479
10029,18.888636012277395,835120
10038,18.913445060190057,641777
10065,19.846009350811425,2150053
10128,19.977349635106357,2012361
10308,21.15512761782548,401
10452,15.782633990342969,14864
10461,17.621230869048663,13397
10470,18.24419831917503,3866
11208,16.5471146286684,5215
11217,20.604040667361623,318215
11226,19.116690393241477,59121
11235,17.141806190436316,12870
10003,20.35696236677473,4498079
10012,19.874262502046946,2548389
10021,19.99799653705389,2914545
10030,17.483527897692998,84303
10039,16.841676303031626,42010
10075,20.051835287921286,1100614
10309,21.29605278608024,441
10453,14.749080917726063,9725
10462,16.36801386759416,14985
10471,20.145020598592616,24599
11209,20.204729209096996,64526
11218,20.43464990817536,65721
11236,16.865606191686414,5572
10004,18.68807043424085,442527
10013,19.74919941045673,2405657
10022,19.82096306751554,4759261
10031,18.19594455788685,225751
10040,17.835302324929053,71870
10301,22.80784424967898,2427
10310,20.810803210680525,809
10454,16.28126708204905,15724
10463,18.97737590471443,43015
10472,14.028906031325185,6795
11201,20.202061814688307,763424
11210,17.177340003142017,12723
11219,18.232691059432653,12657
11228,19.612785289202975,12764
11237,20.457688672729795,92112
10005,18.553787216883205,470089
10014,20.33744927714127,3112887
10023,20.174221784325756,3840191
10032,17.597451155616252,236319
10302,19.51599312831391,232
10455,15.112346227028352,8393
10464,21.87482733792619,906
10473,15.153414058876415,5918
11211,20.21231064749051,972605
11220,19.289393172078604,31332
11229,18.863901748715705,11618
11238,20.521099354887028,282219
10006,19.369583090090615,295185
10024,20.2136004292108,2605072
10033,17.880466324448097,151959
10303,20.739604875708565,460
10312,23.76705020496736,1236
10456,15.036395823191492,10557
10465,18.972871908199668,6013
10474,16.072924009365998,2530
11203,15.988171668199042,12206
11212,15.721741648828026,6089
11221,19.64033432666985,113249
11230,18.7749698118407,25347
11239,14.35054268419759,907
10007,19.117518530387905,1210550
10016,20.113825775669902,4471320
10025,19.660147272890022,1950717
10034,17.874590451017347,66990
10304,22.28811433024792,1574
10457,14.573746346540759,9327
10466,12.708800320630797,3622
10475,14.53575500317845,3255
11204,19.15730701796654,10606
11213,19.034316454273583,35583
11222,21.625576760919973,372621
11231,21.272994950771444,224175
