10001,20.89852188180467,393964
10002,19.773376812921672,129705
10003,20.645191908995127,350891
10004,19.06541183098824,34440
10005,18.807333695512312,36965
10006,19.942029259430605,23305
10007,19.533622879437065,91557
10009,20.327159252800612,145371
10010,20.449473140363718,209107
10011,20.769955400349133,332876
10012,20.221484270423442,193772
10013,20.167877560546597,180903
10014,20.85778416356273,232845
10016,20.389078185877917,350262
10017,20.446207415547047,298938
10018,20.301312378797572,162823
10019,20.415945218841195,393547
10020,20.371107607363694,22964
10021,20.273429425891834,245246
10022,19.926934719257694,378783
10023,20.502687811899452,316525
10024,20.588184789239442,219894
10025,20.023726304158565,163227
10026,19.10886369000269,25968
10027,18.860230767547534,44459
10028,20.33519391285831,204300
10029,19.204164374669958,71784
10030,18.365113501926743,7293
10031,18.44021311704896,18676
10032,17.73183540709019,18718
10033,17.962171677978517,12324
10034,17.774765506849985,5356
10035,18.926088764771755,29178
10036,20.39923972564672,242303
10037,17.103102848238915,6275
10038,19.376927316977437,50417
10039,16.483947817510984,3606
10040,18.32748097147912,6027
10044,19.768337174052867,2925
10065,20.022787774209892,179716
10075,20.40912874361042,91144
10128,20.237539241402207,173200
10280,19.161799530501508,33622
10301,23.879227437733608,239
10302,16.91285212834676,24
10303,18.017576217651367,35
10304,24.233882031309495,109
10305,29.75655258429401,340
10306,23.913361720358715,156
10307,22.94957423210144,14
10308,25.35963280346929,49
10309,19.122638018654758,57
10310,23.763555191941077,77
10312,36.989798036410654,139
10314,26.310948924962865,344
10451,17.367546851142492,2426
10452,15.337256717540784,1196
10453,14.887674780137536,767
10454,15.756822595897875,1348
10455,15.326174311029794,817
10456,14.133426451197412,942
10457,14.538586224180957,810
10458,15.650340463664845,1119
10459,17.265947936162284,438
10460,12.34301054050288,482
10461,18.297223333763124,1226
10462,15.4942053203757,1270
10463,20.88141473782186,3719
10464,19.708891126471507,71
10465,21.87349225139117,580
10466,12.770346374112242,282
10467,15.47808763933913,1133
10468,18.978586400082015,990
10469,20.2347877834915,436
10470,18.340029688930777,359
10471,21.343750589914553,2034
10472,15.077594939428263,585
10473,15.283289883370427,572
10474,18.417068217681454,168
10475,13.841319231233236,291
11201,20.706164335533753,60523
11203,16.40144492885654,1055
11204,19.352604988666716,800
11205,20.472193272009804,19770
11206,20.687698014701407,21636
11207,19.5908194435222,1505
11208,14.5713884142465,494
11209,20.904353074639,5643
11210,18.65842173832021,1086
11211,20.54922111532683,79563
11212,19.603731069377393,609
11213,18.885393227780426,3450
11214,21.100462023633153,1067
11215,21.59033667936243,31623
11216,20.477646712698487,13868
11217,20.989881177903925,26685
11218,20.76362478911576,5599
11219,18.006960996413472,990
11220,19.83443642974734,2743
11221,19.637853426551214,10701
11222,21.9744543632217,32422
11223,16.944019420638302,1027
11224,17.15236087987263,379
11225,19.96726456664538,6519
11226,19.027911899307636,5403
11228,19.921606101492607,1145
11229,18.577704889066,1008
11230,19.592829972555865,2111
11231,21.67094709382266,18549
11232,21.478879584123693,3630
11233,18.606081767075366,2753
11234,20.249588565684054,919
11235,18.22366905054835,1045
11236,18.36137095103413,500
11237,20.83792299513975,7970
11238,20.866765816706295,24402
11239,17.698888833432093,92
11251,20.132998184407946,531
