10001,20.73869856488118,410219
10002,19.916313729391653,149326
10003,20.402241066538423,427522
10004,19.60519877326581,28758
10005,18.992078186655664,36205
10006,20.093002597884677,19087
10007,19.777136851625727,91280
10009,19.89625343842058,155021
10010,20.2590572516223,218615
10011,20.509920534971688,389009
10012,20.383609794079135,217584
10013,20.272196652603203,202060
10014,20.416798419741408,272445
10016,20.181631846173477,382420
10017,20.84665655153455,280972
10018,20.609827195028668,163078
10019,20.56688697111091,401654
10020,21.124279062184396,17012
10021,19.91629845986604,252288
10022,20.48137915750584,398756
10023,20.240118319991627,350460
10024,20.249087588061908,219066
10025,19.7325487251346,165773
10026,18.715475711234603,16106
10027,19.228362395492862,30814
10028,19.93041546362959,205175
10029,18.869813929362355,45307
10030,21.132028445893724,1810
10031,18.42921691409231,8624
10032,18.333580571544314,4898
10033,19.35987154646417,1824
10034,20.129043641706005,457
10035,18.688097891833095,11112
10036,20.79740633345897,251105
10037,18.949688322752646,1707
10038,19.153048306485015,40670
10039,17.594984498113956,530
10040,26.328208136043962,417
10044,19.663660205189306,398
10065,20.1909602289156,201998
10075,19.924488246133215,94418
10128,19.71533056045041,165130
10280,19.245792395675785,37220
10301,16.866053887775966,7
10302,10.55555534362793,2
10303,18.039208845658735,11
10304,21.685154481367633,11
10305,21.147125148773192,15
10306,22.092381286621094,5
10309,10.559722010511905,2
10310,20.401627676827566,7
10312,348.93700790405273,6
10314,23.485234832763673,15
10451,20.01897167773583,585
10452,16.662137039354253,155
10453,34.312002562187814,74
10454,15.025423538492571,310
10455,15.5840541268443,91
10456,16.565935335963605,83
10457,17.57028588189019,45
10458,19.228626630924367,81
10459,57.006515185038246,42
10460,19.02921045621236,30
10461,20.024832641762316,66
10462,21.645719832149886,93
10463,55.341616824269295,160
10464,18.787878799438477,5
10465,104.43783837870548,19
10466,8.767850663926867,9
10467,27.699468469619752,45
10468,28.97762563765833,76
10469,110.62266531857577,22
10470,18.37263596057892,8
10471,22.78401506794434,51
10472,24.421228007836774,66
10473,20.3038243709072,31
10474,31.07270646095276,24
10475,13.23574743270874,10
11201,20.44406790739648,45289
11203,31.32342441602685,87
11204,20.10293384565823,138
11205,20.529149391290616,5921
11206,22.416172858950482,5975
11207,38.617059365803044,151
11208,20.16715150565471,106
11209,22.45583650058409,211
11210,38.114916510286584,113
11211,21.13980597198851,60352
11212,29.53584280811054,76
11213,24.227553454153707,478
11214,23.305547939219945,71
11215,22.29700510930162,9823
11216,21.32799849278903,2684
11217,21.112486411603395,19969
11218,20.209392152696747,872
11219,18.69289274339552,77
11220,22.489806336698248,268
11221,20.34811431154885,1834
11222,21.889757445721838,11966
11223,18.297499416396022,64
11224,22.538003376552037,14
11225,21.06984079541061,1171
11226,18.161389630789245,587
11228,129.87342933433897,34
11229,17.29130232334137,56
11230,20.834128883805395,263
11231,21.486624190017533,12420
11232,25.202884754867746,645
11233,26.572846421876395,312
11234,56.10232466664807,87
11235,50.22570774290297,54
11236,15.318936655256483,45
11237,21.710225797406327,1636
11238,22.022918944794696,6073
11239,55.160143028606065,11
11251,19.958147024225305,135
