1	20.141675
10	20.202343
100	27.540465
1000	166.490385
100080	520.000000
1001	0.000000
1002	15.555556
10020	9.615385
1004	27.500000
10042105	21.600000
10044	7.692308
1005	12.580613
1007	108.701182
10077	14.285714
1008	55.769231
10080	63.873376
1009	0.000000
101	25.343788
1010	14.070513
1011	9.090909
1012	24.848485
1013	11.832098
10135	0.800000
1014	410.961538
10140	11.538462
1015	28.571429
1016	20.000000
1017	20.000000
10170	920.000000
10171	21.052632
1018	22.769231
10182	20.096154
102	29.734622
1020	215.094553
10200	309.728205
1020376	15.384615
1021	0.000000
10215	20.192308
102185	22.000000
1022	20.000000
1023	373.015491
1024	159.684066
10249	21.818182
1025	20.000000
10251267	29.166667
1026	10.000000
10260	15.549603
1028	15.359039
103	27.119122
1030	780.000000
1032	15.670414
10320	566.871795
1033	0.000000
1035	219.089199
10350	960.064103
1037	22.827944
104	29.877390
1040	8.945869
10400	11.538462
1041	18.189567
1042	25.230769
1044	11.239316
10440	25.359460
1045	21.081081
1047	21.826923
10485	11.538462
1049	100.000000
10491	20.192308
105	24.130242
1050	10.000000
1051	19.230769
1052	126.451613
10530	668.800000
105300	12.500000
1054	28.821225
1055	22.211538
1056	9.584860
1057	30.000000
1058	20.384615
106	36.868876
1060	115.600961
10616	20.444444
10619	22.211538
1062	15.000000
10620	19.842657
10645	14.423077
1065	19.642857
1066	23.959881
1067	2.941177
1068	0.000000
10697	20.192308
107	36.386377
1070	15.913462
1072	12.485812
107205	33.513514
107613	44.444444
108	24.842930
1080	64.503835
10800	39.975459
1086	20.192308
10860	19.230769
1088	9.869421
1089	10.000000
10890	19.711538
109	27.341758
1090	33.333333
1091	22.230769
1093	47.142857
1095	14.423077
1097	50.714286
1098	10.166446
10980	21.524697
11	20.128801
110	28.000718
1100	17.777778
1101	9.871795
11016	23.076923
1103	0.000000
1104	13.412519
11040	20.192308
1105	22.211538
110505742	26.666667
1106	22.211538
1108	16.666667
111	32.823713
1110	100.054706
1111	36.363636
11111	32.500000
1112	11.538462
111267145	22.000000
1113	20.625000
11138	5.555556
11140	25.000000
1116	14.809473
11160	54.461428
1117	21.105769
11189	10.526316
112	29.204014
1120	16.068008
1121	513.333333
1122	26.451613
1123	22.211538
1125	31.124973
11250	13.461538
1126	0.000000
1128	24.961832
11280	20.192308
1129	24.000000
113	25.609008
1130	22.634615
1131	267.744332
1132	9.278351
11340	163.894231
1135	10.333334
113580	25.192308
1136	21.634615
1137	20.500000
1138	20.000000
113973	20.714286
114	26.706484
1140	54.499434
11400	90.096154
1142	2.857143
1143	211.947115
11430	25.192308
11448	480.000000
1145	53.461539
11454	0.000000
11459	20.571429
1146	19.952681
1147	0.000000
1148	24.155555
1149	0.000000
115	23.937537
1150	11.000000
11519	23.557692
1152	117.157034
11520	21.453637
1153	20.000000
11530664	16.666667
1154	0.000000
1155	40.169947
1158	11.864407
1159	23.772773
11592	9.615385
116	25.980981
1161	32.599407
11622	20.192308
1163	15.000000
11639	20.192308
1164	11.111111
1166	33.325000
1167	16.166666
117	28.419471
1170	84.896088
11700	275.961539
1172	20.000000
1174	28.421456
1175	7.692308
1176	74.285714
11760	12.063492
1178	8.077555
118	31.803709
1180	660.000000
11808	33.653846
1181	70.147059
1182	36.346154
1183	30.288462
1185	20.000000
1186	0.000000
1187	107.341894
1188	3.846154
11880	55.308462
1189	2.403846
119	30.381619
1190	51.213370
1192	5.288027
1193	0.100000
1195	23.076923
11952	38.461538
1196	20.000000
1197	25.000000
1198	22.000000
12	20.116734
120	39.618426
1200	78.513656
12000	140.000000
1204	33.571429
1205	10.000000
1206	11.428572
12060	22.067855
1207	20.952381
1208	80.000000
1209	3.846154
12096	120.000000
121	23.672017
1210	13.750000
1212	15.576923
12120	9.615385
1214	15.000000
1215	98.840812
1216	19.600000
1217	25.192308
1218	33.448461
1219	14.423077
122	26.777108
1224	63.709951
12240	122.105681
1225	15.412025
1227	20.096154
1228	14.224772
1229	28.333333
122915	12.500000
123	28.412776
1230	20.000000
1231	0.000000
12312	145.769231
12330	10.096154
1234	78.369391
123484	24.000000
1236	17.333333
1237	14.059829
12376216	14.705882
1238	15.122429
12390	3.846154
124	29.617904
1240	14.082768
12420	27.883855
1243	22.211538
1247	10.000000
1248	271.373453
12480	7.567568
1249	7.649573
125	31.210021
1250	31.105769
1252	20.192307
1255	8.000000
12567	22.019231
126	51.245829
1260	60.804392
12600	145.818861
1264	20.000000
1266	145.581915
1267	17.898352
12672	20.192308
127	37.778551
1270	3.458413
1272	23.383338
12720	51.739744
127391	16.666667
1275	15.458128
1276	28.555978
1277	20.000000
1278	19.230769
12780	20.400000
1279	24.952381
128	26.303150
1280	100.000000
12816	7.692308
1282	18.196292
1283	22.211538
12840	1.923077
1285	72.692308
12870	30.340909
1288	20.000000
1289	0.000000
129	31.990463
1290	133.731618
1293	10.096154
1296	41.754056
12960	68.192138
1298	8.692308
12981	15.384615
13	20.022431
130	28.352076
1300	9.506887
1301	152.201169
1305	132.692308
1306	27.788462
1309	11.872935
1309091236	31.304348
131	24.325162
1311	0.000000
1312	15.128205
1314	20.687831
13140	18.387353
1315	28.846154
13152	40.000000
1317	20.000000
132	23.013063
1320	120.049023
13200	940.000000
1321	20.192308
1322	60.840336
1323	10.000000
13236	9.615385
13247	9.615385
1325	0.000000
1326	22.932692
1327	12.924403
1329	9.369369
133	35.186006
13319	28.846154
1332	17.956731
13320	25.326329
1334	20.000000
133426	21.538462
1335	22.320145
1337	98.301527
1338	0.000000
134	30.021345
1340	1.538461
1341	22.019231
1343	7.230658
13439	22.211538
1345	17.986359
1346	27.788462
13464	40.807693
135	32.679982
1350	58.456130
13500	19.711538
1352	10.000000
1353	15.238095
1354	33.269231
1355	20.000000
1356	204.807693
13560	80.000000
13577	120.000000
1358	17.307692
136	27.324013
1360	18.133903
13608	30.288462
1361	17.241379
1362	25.192308
1363	123.076923
1364	8.333333
1365	9.615384
1367	37.500000
1368	36.385275
13680	76.739468
137	25.586111
1371	7.768747
1372	22.521367
1374	185.552885
13752	20.192308
1376	5.769231
1377	19.230769
1378	16.346154
13792	14.285714
138	28.776447
1380	181.979167
13800	20.192308
1381	22.478632
1382	22.403846
13824	9.615385
1383	22.216880
1384	17.756410
1386	90.000000
13860	20.292233
1388	79.246795
1389	22.211538
139	26.011126
1390	81.118970
1392	21.000000
1393	16.697115
1395	126.769478
13950	9.615384
1396	19.047619
1397	21.403846
14	19.923889
140	36.334514
1400	15.328907
1402	25.000000
1403	11.009616
1404	95.457875
14040	18.674324
1405	0.000000
141	27.332720
1412	8.952255
14130	25.192308
1415	0.000000
1416	145.496795
14160	14.441124
1417	0.000000
1418	15.384615
14184	0.000000
142	29.407787
1420	9.913936
1421	35.857143
1422	9.619574
14220	68.653846
1423	14.000000
1424	27.450292
1428	0.000000
14280	28.846154
143	27.599780
1430	19.972333
1431	17.292063
1432	480.000000
1439	102.539122
144	33.254086
1440	81.458920
14400	76.522492
144208	21.025641
14460	600.000000
145	28.017135
1450	14.423077
1451	8.823529
1452	0.000000
1453	9.615384
1457	0.000000
1458	10.169492
14580	25.192308
146	26.056220
1460	24.230769
1461	24.878049
1462	9.615385
1463	11.137821
1465	38.461538
1466	22.501815
1467	18.895174
1468	0.000000
1468742	22.222222
147	30.989754
1470	11.581197
1471	8.333333
1472	18.958333
14726339	9.523810
1474	11.592983
14759	180.551591
14760	1640.000000
14769	15.000000
1477	25.000000
148	24.914243
1480	217.773333
1481	22.211538
1482	12.884616
1485	13.972151
14850	14.423077
1486	18.517907
1488	13.888889
14880	260.000000
1489	17.307693
149	24.006131
1490	16.666667
1491	85.842905
1494	11.009616
14940	20.313546
1495	21.618037
14976	20.192308
15	19.904312
150	23.879478
1500	11.769231
15000	24.038462
1501	10.096154
1502	20.000000
1503	15.039886
15030	8.173077
1505	11.057692
1506	4.807692
1507	14.375000
1508	22.211538
1509	25.000000
151	34.998638
1512	63.228989
15120	36.792070
1514	19.230769
1515	22.340820
1516	28.571429
1517	22.211538
1518	25.000000
152	25.326343
1520	6.944445
15209	19.230769
1523	15.128205
1524	123.136380
15240	816.238462
1526	15.384615
153	25.208920
1530	336.073610
15300	411.256410
1532	11.111111
1533	14.076236
1534	15.993590
1536	12.780190
153720	4.201681
1538	2.884616
15390	25.192308
154	30.995446
1540	27.788462
1541	20.000000
1542	20.649038
15437	20.666667
1544	15.384615
1545	12.730769
1546	0.000000
1548	23.333333
15480	125.558580
1549	3.174603
155	26.968656
1550	0.000000
1551	0.000000
1554	22.211538
1555	0.000000
1556	20.192308
1559	21.551155
15599	20.192308
156	22.850219
1560	66.202922
1565	0.000000
15659	14.903847
1568	18.701923
157	25.470566
1571	19.230769
15719	78.525641
1572	22.500000
1575	21.105769
1576	0.000000
1577	3.926154
1578	22.692307
158	40.279617
1580	22.211538
1582	12.068966
15839	19.807693
1584	56.235783
15840	21.409541
15855955	27.083333
1586	21.105769
1587	9.615385
1588	20.000000
15884	6000.000000
159	30.437491
1590	21.242690
1591	19.230769
1591530	25.571429
1593	24.444444
15930	20.192308
1594	16.754808
1596	38.461538
1596762	20.526316
1597	30.000000
1598	12.359551
16	19.812937
160	21.757250
1600	151.348291
1601	20.000000
1602	11.442925
16020	15.035656
1603	15.283120
16056	240.000000
1607	13.333333
1608	21.105769
161	32.752172
1610	18.333334
1611	20.000000
1612	19.928205
161627	16.666667
1619	20.721153
162	24.707791
1620	67.640649
16200	80.096154
1624	24.000000
1626	0.000000
1627	33.333333
1628	10.000000
163	35.805234
1630	17.543860
1632	11.407343
1633	22.000000
1637	20.000000
16380	20.192308
1639	195.929487
164	25.000217
1642	20.000000
1643	0.000000
16440	15.384615
1645	34.074145
1647	15.384615
1649	155.555556
165	34.591033
1651	2.142857
16521274	10.526316
1655	157.217391
1656	29.134615
16560	166.780019
1658	0.000000
1659	0.000000
166	32.279971
1660	3.437345
1661	741.712821
1662	20.000000
1663	15.044872
1664	10.208334
1665	7.547170
16650	34.375000
1666	22.000000
1669	17.216117
167	30.943752
1670	22.596154
1671	47.904497
16711059	24.444444
1674	20.000000
16740	1436.363636
1675	22.222222
1676	15.841584
1679	76.605711
168	29.265238
1680	9.294872
1680597	26.814815
1683	19.230769
16830	25.192308
1686	22.211538
1688	0.000000
16887	22.211538
1689	9.302326
169	42.283231
1690	20.298507
1692	42.222222
16920	19.157500
1694	5.769231
1695	1346.950000
1697	14.153846
1699	22.211538
17	19.666633
170	33.831051
1700	19.230769
1701	22.211538
1704	20.000000
1705	5.625000
1706735	11.538462
1707	10.576923
171	22.275840
1710	140.669192
1713	12.636218
1714	22.857143
1715	22.211538
1716	16.829467
1719	125.423077
172	36.826370
1720	9.523810
1725	13.848188
1728	52.697421
17280	13.345142
173	20.971632
1732	20.800000
1734	9.756098
1736	236.684892
1737	0.000000
17370	18.750000
1738	342.857143
1739	13.461538
174	31.512142
1740	23.021025
17400	80.000000
1741	20.000000
17424	1520.000000
1744	107.500000
1746	19.877699
1748	226.513288
175	34.777740
1751	20.942408
1753	0.000000
1755	21.455938
1757	22.070513
1758	0.000000
176	21.793773
1760	400.000000
1764	228.990537
17640	320.000000
1765	17.142857
1767	15.913462
1768	300.000000
1769	7.352941
177	25.745966
1770	22.019231
1772	25.192308
1773	11.482759
1774	151.777374
1777	26.923077
1778	21.134796
17782085	20.800000
1779	15.384615
178	35.972884
1780	20.000000
1782	14.751327
17820	20.192308
1784	19.230769
1785	18.191866
1786	0.000000
1787	23.403846
17880	15.384615
1789	10.096154
179	51.490735
1790	9.615385
1792	150.000000
1792128	20.666667
18	19.660458
180	37.023172
1800	69.490392
18000	17.772358
181	27.936079
1812	22.500000
18120	0.000000
1813	8.876265
1814	10.000000
1817	0.000000
1818	12.931034
1819	5.217391
182	27.419388
1821	10.000000
1822	13.333333
1823	139.181287
1825	18.826923
1826	22.211538
183	29.281110
1830	20.000000
1831	20.000000
1834	19.615384
18360	111.369635
1838	183.205128
1839	140.924145
184	34.733207
1842	23.076923
1843	10.961538
1844	17.323718
1846	0.038168
1848	15.384615
1849	1.923077
185	26.238373
1850	40.000000
1851	75.736467
1852	26.666667
1854	21.485806
18540	12.980770
1856	6.896552
1857	12.466102
186	21.677084
1860	94.807693
1862	20.721153
1863	18.832417
1864	22.019231
1865	439.833333
1867	17.094017
1868	20.000000
187	22.773293
1872	20.865627
18720	31.844861
1877	21.105769
188	23.910327
1880	11.125000
1882	20.000000
1883	28.000000
1884	22.500000
1886	18.461538
1887	15.384615
189	35.105937
1890	44.869463
1894	20.666667
1896	10.576923
1898	18.269231
1899	19.230769
19	19.512699
190	21.204576
1900	8.613264
1902	12.250688
1905	8.333333
1908	18.494152
19080	258.051282
1909	27.884616
191	22.439596
1911	20.338983
1913	25.000000
192	43.219989
1920	27.173898
19200	20.192308
1924	26.960654
19260	19.711538
1928	21.975334
193	36.099741
1930	21.365385
1931	33.333333
1932	11.138027
1935	418.409991
19351	12.903226
1938	10.029332
19380939	12.000000
194	22.971625
1940	10.000000
19407016	7.142857
1941	0.000000
1943	2080.000000
1944	22.206081
19440	127.785257
1945	20.572604
1947	19.230769
1948	19.798851
1949	24.070513
194939	1000.000000
195	27.646007
1954	13.753102
1957	13.333333
1959	12.397373
196	31.356577
1961	14.285714
1962	8.115942
19620	20.192308
1963	8.620690
1964	22.211538
1966	21.410256
19665	0.000000
1967	0.000000
19679	15.384615
1969	13.461538
197	22.025579
1974	20.000000
1979	209.399038
198	30.193357
1980	35.876570
19800	280.434473
1986	11.701923
1987	22.211538
1988	22.211538
199	26.354828
1992	22.211538
1993	22.211538
1996	181.033333
1997	14.070513
1998	18.322173
19980	102.500000
2	19.975576
20	19.529589
200	36.820799
2000	9.986166
2001	22.222222
20040	20.192308
2005	189.871795
2008	9.523810
201	25.176611
2010	21.698718
2011	10.000000
2012	16.666667
201237	9.756098
2015	158.742042
2016	19.230769
20160	20.665767
2017	20.192308
202	24.901116
2021	9.615384
2025	109.141483
2027	7.812500
2029	14.951923
203	41.261576
2030	8.620690
2031	10.096154
2032	211.071341
2034	21.150461
20340	106.730769
204	25.502420
2040	94.676118
2044	20.000000
2045	19.230769
2047	18.750000
2048	26.370421
2049	14.519231
205	29.884032
2052	16.771020
20520	96.634615
2053	26.250000
2054	52.500000
2057	19.643705
2058	20.888889
206	21.596176
2061	9.242695
2063	16.666667
206322	21.600000
2064	4.807692
2066	20.000000
2067	15.043230
207	38.367184
2070	116.880260
20700	22.173077
2072	17.647059
2073	0.000000
2074	20.000000
2076	20.000000
2078	0.000000
208	30.554761
2080	246.000000
2082	15.913462
2088	23.858974
20880	145.329694
2089	133.333333
209	23.129345
2092	22.211538
2094	20.000000
2096	22.211538
2097	0.000000
21	19.332025
210	36.807341
2100	86.036450
21016411	31.000000
2102	8.771930
2103	22.565875
2106	12.500000
21060	80.000000
2108	18.543165
211	26.490694
2112	14.551143
2115	16.436229
2117	22.211538
2118	0.000000
212	35.896440
2120	16.995192
2124	6.886341
21240	11.645989
2127	22.211538
213	29.523333
2130	13.990385
2132	19.705433
2137	15.978507
2138	17.227564
214	18.522008
2140	10.000000
2142	21.105769
21420	25.192308
2145	10.416667
2146	20.689655
2147	15.714285
21479	200.000000
215	21.974222
216	31.297470
2160	69.464407
21600	15.358579
21661016	10.526316
2168	23.333333
217	20.757523
2170	9.615385
2175	25.000000
2178	14.807692
21780	21.153846
218	24.606782
2180	5.076191
2181	22.211538
2184	22.586350
21840	70.160257
2186	5.000000
21860	6.896552
2186148	0.000000
2187	19.230769
219	23.593176
219067	20.689655
2194	19.166666
21952903	20.555556
2196	10.576923
21960	17.364631
21978021	16.666667
22	19.296678
220	36.498901
2200	3.902715
2201	12.211538
2205	21.538462
2208	23.468632
221	24.598936
2211	20.769231
22140	20.192308
2215	9.212270
2216	5.192308
222	23.927673
2220	103.401442
2221	23.076923
2225	12.500000
2229	10.232558
223	22.721061
2232	45.320403
22320	870.096154
2235	10.344828
2237	13.799857
2238	12.925824
224	20.701623
2240	30.000000
2243	18.010256
2244	11.538462
2245	8.403361
225	25.952689
2250	75.774736
22500	170.096154
2253	22.019231
2254	22.019231
2256	12.333334
2258	15.384615
226	47.899097
2260	11.538462
22607	20.192308
2262	9.909293
22624505	27.777778
2264	30.000000
2265	18.557692
2266	20.893999
22680	20.192308
227	22.402817
2272	15.384615
227200	17.391304
2273	8.620690
2275	16.190476
228	25.530270
2280	70.070739
228278	10.714286
2283	17.307692
2285	20.192308
22860	23.525641
2287	19.230769
229	32.752717
2292	16.039065
22920	30.576923
2293	10.204082
2296	2.272727
2297	20.000000
2298	442.884615
2299	20.000000
23	19.138761
230	26.628167
2300	14.743590
2301	23.750000
23039	18.269230
2304	113.215405
23040	24.343470
231	19.329445
2310	59.923770
2311	15.384615
2312	0.000000
2314	22.211538
2317	27.788462
2319	274.220963
232	20.937588
2322	20.000000
2323	19.230769
2325	20.000000
2328	11.538462
2329	52.476191
233	23.438753
2330	0.000000
2339	0.000000
234	23.052147
2340	80.085454
23400	409.184024
23434535	24.390244
2346	30.000000
2347	9.047391
2349	3.846154
235	22.252075
2350	452.356731
2352	20.000000
2356	9.615385
23580	18.269230
236	21.021473
2360	194.400000
2362	0.000000
23640	15.384615
2365	330.096154
237	21.922829
2371	0.000000
2375	90.154682
23760	9.615385
238	20.001523
2380595	22.222222
2385	17.391450
2388	13.333333
2389	11.105769
239	23.065210
2391	96.153846
2392	27.788462
2394	5.769231
23940	17.788462
24	19.185890
240	36.616681
2400	122.896325
2404	15.384615
2407	11.428571
2409	8.333333
241	25.617611
2412	14.437384
24120	12.727272
2414	9.615385
2415	11.105769
2417	20.854701
242	21.949796
2420	20.538438
2423	23.500000
2424	22.211538
2425	9.615384
2426	14.807692
24281	21.000000
2429	17.170490
243	19.898755
2430	42.425111
24300	19.230769
2434	13.368984
2438	4.545454
2439	100.000000
244	40.639436
2442	20.000000
24421	5.000000
2448	87.616279
24480	13.409866
245	25.057680
2450	11.000000
2451	16.666667
2453	14.848247
2457	10.000000
2459	0.000000
246	24.430641
2463	61.650000
2466	12.435897
24660	12.500000
2468	232.419109
247	21.784434
2472	13.575889
2475	22.211538
2476	15.384615
2478	10.000000
248	28.529009
2480	25.000000
2484	31.105769
24840	10.977564
2487	33.269231
2488	20.000000
249	70.957231
2491	11.538462
2492	16.666667
24927896	21.666667
2493	13.461538
2494	27.925926
2496	9.615385
24960	20.192308
2497	16.346154
2498	23.868396
25	19.046476
250	20.370017
2502	20.192308
2504	20.909091
2506	17.307692
251	32.848437
252	31.196473
2520	54.776189
25200	567.017544
25290	80.000000
25291	0.000000
253	24.397521
2530	20.000000
25320	20.192308
2535	19.711538
2536	22.211538
2537	0.000000
2538	14.743590
25380	20.192308
2539	5.932692
254	22.401900
2542	14.423077
2544	19.230769
2545	16.666667
2547	20.000000
2548	20.192308
2549	10.526316
255	47.206341
2550	22.211538
2551	20.000000
2552	19.615384
2554	2.845528
25560	309.076923
2557	19.230769
256	41.052641
2560	0.000000
2561	27.788462
2562	20.000000
2563	27.740384
2565	16.666666
2567	23.509616
257	36.330694
2571	158.243208
2574	23.509615
25740	30.288462
258	24.827219
2580	18.214681
2582	16.875000
2587	44.807693
259	20.198823
2592	13.039267
25920	20.192308
2595	28.000000
2597	11.538462
2598	14.152712
26	18.816271
260	33.809966
2600	23.076923
2601	20.000000
2603	17.758620
261	28.140271
2610	176.599080
2610687	24.972973
2613	25.000000
2614107	26.470588
2616	11.009616
2618	744.166667
262	25.009531
2622	19.746102
2625	10.608974
2628	15.384615
26280	89.712603
2629	8.646031
263	20.851643
2630	19.471154
2632	22.211538
2639380	47.571429
264	24.022287
2640	28.027800
26418	21.250000
2642213	21.176471
26460	90.096154
2649	0.000000
265	31.524807
2650	9.615385
2655	15.821899
2658	19.230769
266	22.161990
2660	16.058069
2661	15.384615
2664	13.708452
26640	22.211538
2665	11.764706
2666	9.615385
2667	10.000000
2668	22.211538
267	20.530540
2670	20.754717
2671	22.211538
2672	16.666667
2674	276.370370
268	24.417854
2680	20.576923
26820	1880.000000
2686	9.615385
269	31.357318
2692	8.928571
27	18.854380
270	24.689296
2700	69.890221
27000	0.000000
2704	0.140351
2706	13.333333
2707	11.105769
271	36.932330
2712	0.000000
27120	2120.000000
2713	0.000000
27180	20.192308
272	18.509106
2720	27.788462
2722	22.467727
2723	17.315910
2725	10.576923
2728	11.538462
273	39.701377
2730	18.730769
2736	148.885247
27360	22.596154
2739	25.022894
274	52.247083
2740	15.952381
2742	18.534483
2744979	3.571429
2745	22.211538
2747	15.384615
2749	22.211538
275	23.492710
27522580	22.666667
2754	20.000000
27540	44.807693
276	38.581624
2760	62.221689
2764	9.615385
2765	4.772727
2766	24.945055
2767	3.174603
2769	12.500000
277	26.636669
2772	22.596154
27720	360.000000
2774	19.615384
2777	14.743590
2779	23.076923
278	34.059262
2781	22.211538
2784	15.384615
2785	0.000000
2786	20.000000
279	19.853877
2790	64.346889
27900	14.807692
2794	25.000000
2795	25.000000
2796	27.788462
28	18.712073
280	60.758496
2800	10.714286
2802	20.000000
2805	11.009616
2807	12.532051
2808	198.680769
281	22.253669
2810	14.492754
2812	20.000000
2814	22.211538
282	26.224791
2820	15.106510
2823	18.536586
2824	20.000000
2825	28.846154
2828	111.284842
283	20.889736
2830	0.014815
2837	27.644231
284	20.345801
2840	13.760894
2842	25.000000
2844	14.285714
28440	25.877423
2847	22.500000
285	20.900833
2850	17.956731
2854	15.913462
2856	12.339743
28572569	20.606061
2858	20.000000
286	25.406416
2860	0.000000
2861	13.461538
2862	22.211538
2863	0.000000
2865	19.230769
28650777	20.909091
2866	31.730769
2868	40.000000
287	20.137151
2879	77.084518
288	37.769779
2880	51.420837
28800	20.192308
289	17.109068
2893	4.545455
2895	0.000000
28957965	21.428571
2896	0.000000
28980	420.793270
29	18.450562
290	25.075742
2902	11.605769
2905	22.211538
2907	9.326923
2909	4.807692
291	25.517084
2916	19.230769
29160	13.461538
2917	22.222222
292	34.683674
2922	5.172414
29232	15.384615
2925	26.105769
293	23.212177
2931	4.807692
2937	8.620690
294	44.266046
2940	14.442308
2942	0.000000
2945	346.666667
2946	25.800000
2947	22.211538
2948	9.615385
295	21.427890
29519	20.444444
2952	11.230769
2955	12.500000
2957	10.096154
296	26.900259
2960	15.272436
2963	5.555556
2964	16.954023
2965	20.192308
297	16.706739
2970	19.504394
29700	20.192308
2973	0.000000
2974	20.192308
2976	20.000000
298	22.762483
2980	15.769231
29812717	9.523810
2982	9.615384
2984	0.000000
2988	22.211538
29880	10.096154
299	24.253968
2990	17.403847
2995	22.019231
3	19.942501
30	18.549710
300	37.717998
3000	54.246789
3002	19.982548
3005	28.518518
3007	18.148022
3008	16.346154
30090498	22.352941
301	23.287818
3010	19.230769
3015	16.923077
3017	104.807693
302	25.250813
3020	24.807693
3021	8.695652
3024	89.567308
3027	27.788462
3028	27.788462
303	20.347963
3030	15.384615
3034	14.019231
3037	22.019231
304	31.081020
3040	0.000000
3043	0.833333
3045	2.857143
3046	13.852673
3047	21.258621
3049	5.000000
305	15.338493
3052	112.500000
306	21.353742
3060	26.442344
3067	4.807692
3069	21.052632
307	21.180468
3070	9.615385
3073	22.211538
3075	8.620690
3076	129.835165
3078	22.211538
308	34.207199
3080	9.615385
3082	19.230769
3085	15.993590
309	29.298976
30905	8.000000
3096	16.613130
30960	1083.846154
31	18.409056
310	21.256277
3101	17.777778
3107	19.230769
31080	20.192308
311	21.387961
3111	9.615385
3112	27.726050
3114	17.211539
31140	16.346154
312	43.391120
3120	95.047210
3125	20.000000
3127	22.115384
313	24.021307
3131	34.000000
31319	0.000000
31319492	26.923077
3134	17.241379
3137	22.211538
314	24.241667
315	103.055761
3150	140.113954
3154	0.000000
3156	9.615385
316	32.984730
3160	1280.000000
3162	22.115384
3168	23.072755
31680	356.915820
317	33.403533
3171	20.000000
3174	20.000000
3176	27.788462
318	18.176218
3180	20.192308
3182	8.403361
3183	18.798077
3184	19.230769
3188	17.307692
319	24.537815
3192	27.758620
3195	22.211538
3197	21.105769
32	18.280606
320	21.729174
3200	13.461538
3202	22.486045
3204	18.725961
32040	8.653846
321	21.232353
3210	22.211538
3212	25.000000
3214	22.211538
32167137	16.000000
3217	5.000000
322	19.255714
3220	22.211538
3221	15.432099
32219	20.192308
3223	20.000000
3226	360.000000
323	21.369524
3239	17.819960
324	73.377130
3240	57.245856
32400	760.000000
3246919	21.142857
32471850	20.952381
325	18.918563
3258	15.416114
326	38.997211
3260	30.000000
3265	20.192308
3267	7.767723
327	43.427279
3270	80.000000
3274	20.000000
3275	9.615385
32760	30.666667
3279	18.798077
328	18.145472
32818407	22.222222
3282	22.211538
3285	304.166667
3286	20.192308
329	29.196082
3291	17.434783
3293	20.000000
3294	11.105769
32940	19.230769
3295	15.096154
3296	22.211538
33	18.411390
330	43.451630
3300	23.221154
3303	23.605769
3307	9.615385
331	27.778658
3311	197.438679
33120	15.384616
3317	0.000000
332	31.822562
3320	11.105769
3323	18.312500
3324	15.865385
3329	27.788462
333	16.602353
3330	120.914606
3334	25.000000
334	52.038548
3342	22.211538
3345	18.429487
33480	22.145335
335	15.910775
3352	17.211539
3353	25.000000
3354	10.344828
3359	162.691616
336	31.192063
3360	41.666667
3366	20.000000
33660	180.000000
3367	30.769231
3368	3.846154
33683388	30.750000
337	53.182580
3372	0.016667
3375	22.211538
3378	22.211538
3379	20.000000
338	22.137010
3384	269.610343
33840	13.736264
3387	27.788462
3388	11.538462
339	22.524510
3390	20.336538
3396	19.230769
3397	27.980769
34	18.341520
340	16.994134
3402	5.172414
3403	21.201923
3406	26.250000
341	29.797412
3410	18.701923
3411	32.000000
342	56.400939
3420	115.801981
34200	23.333333
34260606	26.200000
3429	8.064516
343	25.169992
3430	9.615385
3432	17.263986
3435	0.000000
3436	22.546419
34380	17.788462
3438556	32.000000
3439	26.250000
344	27.497995
3445	0.000000
3448	20.192308
345	25.350898
3450	222.000000
3456	74.403846
34560	80.000000
346	25.656834
3460	19.230770
3465	24.126603
34678	27.130435
3469	9.615385
347	22.846681
3472	0.050000
3479	11.538462
348	28.964506
3480	19.339747
3487	11.134616
3489	20.000000
349	39.261190
34920	20.673077
3494	8.620690
3497	17.555556
35	18.177868
350	169.921361
3501	9.615385
351	37.129121
3510	162.581417
35100	13.461539
3511	11.764706
3515	22.211538
3516	9.615385
352	22.996337
3520	19.698409
3528	38.669872
35280	32.307692
353	16.807760
3534	14.423077
354	34.051948
3540	21.075581
3543	0.000000
3544	22.211538
3546	25.000000
3548	20.705128
355	23.395263
3550	23.076923
3552	7.188645
3555	22.211538
3557	24.903846
356	26.802925
3560	539.464103
35611964	18.461538
3567	22.211538
357	19.802043
3574	22.019231
3576	12.068966
3577	0.000000
358	23.116883
358089	22.222222
3581	0.000000
3583	25.000000
359	56.450417
36	18.470683
360	47.315950
3600	65.949518
360274	13.793103
361	19.493056
362	25.405411
3620	10.471204
3622	9.615385
3623	19.206731
3625	10.897436
3627	22.211538
363	39.289682
3632	17.307692
3636	24.855769
36363	10.526316
363783	22.222222
364	24.376768
3640	22.211538
3645	17.403847
365	20.833334
3651	21.538462
3656	3200.000000
366	20.079966
3660	20.000000
3665	13.461538
3667	9.615385
367	17.222222
3672	15.649038
36720	100.064103
3679	15.993590
368	201.629469
3683	14.423077
3684	22.211538
3689	24.585596
369	53.310604
3690	335.336539
36900	14.903846
3698	22.211538
3699	23.012821
37	18.613070
370	62.390521
3702	22.211538
3708	25.192308
371	77.506702
3710	17.596154
3713	0.019231
372	32.362254
3720	55.180431
37260	25.240385
3727	23.076923
373	31.243836
3732	8.620690
374	21.538462
3744	12.136255
37440	300.000000
375	24.840796
3750	23.173077
3757	0.000000
376	25.904307
3760	650.096154
37613508	8.695652
3766	25.000000
37670911	22.500000
3768	27.500000
377	47.513883
3770	19.047619
3772	0.000000
3773	0.000000
3779	11.764706
378	26.176454
3780	109.459331
37800	16.506411
3789	20.192308
379	24.113501
3792	11.538462
3793	17.307692
3795	260.000000
3796	15.096154
37980	17.788462
38	18.200314
380	33.773294
3800	9.615385
3802	5.760000
3805	41.130769
381	25.849435
3810	16.346153
3816	280.846154
382	71.525838
3820	20.721153
3821656	21.481481
3825	20.192308
383	15.872633
3830	30.000000
3832	12.068966
38340	15.384615
38344048	26.088889
384	42.556330
3840	29.549569
3847	0.000000
3849	15.384615
385	37.081130
3854	11.009616
386	25.659530
3861	7.692308
387	21.347320
3870	54.309829
3874	9.615385
388	19.508630
3880	22.019231
3882	15.370879
3884	24.943311
38858865	11.111111
3888	43.581731
389	20.919312
3892	19.615384
3899	575.689102
39	18.874687
390	46.485489
39060	0.000000
3908	15.375000
391	25.294965
3914	17.307692
3917	9.615385
392	40.160607
3920	9.615385
3924	22.211538
39240	20.192308
3927	20.192308
3929	10.576923
393	23.608187
3934	5.172414
39357179	20.392157
3937	6.727273
394	16.298699
39420	30.288462
395	14.884383
39502	20.645161
3959	31.114564
396	121.650420
3960	62.320809
39600	0.000000
397	18.434843
3978	20.000000
398	16.652462
3985	22.211538
399	32.762814
3990	20.000000
3992	16.129808
3995	330.000000
39960	19.024691
39982	11.363636
4	19.949868
40	19.334830
400	50.634714
4000	22.211538
4005	12.015063
401	19.349336
4011	19.736856
4014	22.211538
402	17.972240
4020	201.005004
4027	13.793103
403	22.500339
4031	21.794872
4032	22.596154
40320	60.256410
404	26.383838
4040	5.714286
4043	22.644230
4045	20.000000
405	66.038044
4050	15.206553
40577	20.192308
4058	22.019231
406	24.943667
4065	27.788462
40680	403.846154
407	47.015734
4070	10.576923
4072	0.000000
408	20.709449
4080	23.348671
4080855	20.784314
40839319	21.428571
409	20.657116
4095	13.788462
4098	19.230769
41	19.310151
410	28.295739
4104	47.809252
41040	40.000000
411	38.579547
4114	16.826923
412	18.159955
4120	630.096154
4121	14.285714
4123	21.177885
4128	22.211538
4129	20.000000
413	17.914334
4130	7.692308
4134	160.000000
414	16.570459
4140	49.463887
415	35.681640
4150	27.500000
4152	15.497737
4153	21.586538
4156	27.500000
416	16.483484
4165	13.461538
417	22.803834
4176	29.522249
41760	17.403847
4179	12.903226
418	10.000000
4181	4.807692
4185	26.490385
419	39.869173
4191	12.500000
42	18.972743
420	20.601153
4200	22.439056
4207	13.461538
421	24.285714
4214	20.000000
4217	25.000000
422	19.070498
4221	15.384615
423	21.781069
4230	231.038461
4233	27.788462
4236	30.769231
424	66.037037
4240	27.788462
4242	11.105769
4248	15.576923
42480	746.538462
425	21.040886
4252	14.855770
4254	18.701923
426	22.973810
4260	7.179487
4268	18.543956
427	78.452563
4272	27.788462
4277	15.384615
428	16.602874
4280	18.876658
4284	21.442308
42840	110.096154
4287	30.528847
429	11.369841
4292	9.615385
4295	30.000000
4298	11.538462
43	20.098728
430	37.173255
431	22.365079
432	25.974547
4320	40.378287
433	21.561355
4338	20.192308
434	34.911894
4345	18.301282
4347	22.211538
435	15.630141
4356	22.211538
43560	712.596154
436	15.398785
4360	73.367292
4362	25.000000
4365	22.211538
4368	9.615385
437	19.343997
438	10.608074
4380	0.000000
4385	22.115384
439	29.747151
4392	23.076923
44	19.867218
440	44.475325
4400	189.871795
4403	22.211538
441	23.645589
4410	15.700851
442	25.913753
4420	0.000000
4428	22.019231
44280	10.576923
44296272	21.428571
443	47.462204
4430	11.105769
4432	33.173077
444	15.272451
4440	25.910995
4448	13.793103
445	34.683842
4455	0.050000
4458	21.153846
446	18.648075
4464	21.891827
44640	0.000000
447	22.306595
4470	17.884615
4471	14.942308
4474	20.096154
4477	13.942308
448	12.071666
4482	3.508772
4488	9.615384
449	25.000000
4495194	20.000000
45	20.883834
450	69.503284
4500	34.780405
45000	15.907191
45048934	10.909091
451	25.018506
4512	20.192308
4516	15.711538
452	39.409235
4520	16.778847
4522	20.000000
453	24.586725
4530	9.615385
4531	164.807693
45360	20.192308
4538575	22.105263
454	26.634665
4541	17.275641
4545	0.000000
4549	6.410256
455	19.709107
4551	14.423077
456	22.542857
4560	99.972380
4567	0.000000
457	24.220269
4572	27.500000
45720	19.711538
4577	17.852564
458	64.982346
4581	20.721153
4584	9.615385
459	29.351852
4590	138.667832
4596	22.019231
46	21.409790
460	19.432209
4600	21.538461
4602	13.461538
46080	25.192308
461	23.676471
4614	19.230769
462	201.646088
4620	15.737179
4624	27.788462
4628	141.105769
463	34.166666
464	30.657820
4644	17.019231
46440	2400.000000
4647	13.461538
465	21.424648
4650	18.269230
4652	21.105770
4654	400.000000
4657	24.423077
466	23.919192
4660	0.000000
467	20.000000
4675324	22.181818
468	60.079426
4680	57.404511
468619	22.608696
469	15.571274
47	21.334835
470	18.220021
4705	22.211538
471	12.793572
4710	21.153846
47160	14.423077
472	151.244582
4720	22.211538
4725	22.211538
473	16.154228
4731	20.192308
4735	17.307692
474	20.283786
4740	14.423077
475	18.717643
47520	880.000000
4757	13.461538
476	24.327778
4760	20.192308
4763	15.384615
4764	5.769231
4766	22.857143
477	19.424359
4770	70.044218
4776	22.211538
478	5.111111
4782	16.370192
4788	15.913462
4790	16.666667
48	21.415314
480	72.441662
4800	393.506410
4810	16.778847
4815	19.230769
4818	22.211538
481972	12.500000
482	17.284843
48240	12.658228
483	59.583333
4830	15.384615
4832	0.000000
4834	107.435897
484	132.299843
4840	8.673077
4846	20.192308
485	18.948930
4859	10.096154
486	58.249671
4860	26.120681
48600	20.192308
487	21.754948
488	15.495414
48832654	21.000000
4885	14.206730
489	23.477564
4890	15.384615
4896	435.769231
48960	20.192308
49	22.701351
490	19.182285
4905	22.756410
4909	20.192308
491	21.520692
4911	23.076923
4919	143.018353
492	17.432006
4920	22.211538
4929	3.846154
493	16.070238
4932	19.230769
49320	15.384615
4934	17.241379
494	24.523810
4941	9.615385
49415	3.921569
495	65.793121
4950	22.211538
4956	11.538462
496	16.666667
4961	20.000000
4962	22.019231
4968	20.192308
49680	20.192308
497	17.710249
4974	9.615384
4976	18.269231
498	20.233262
4980	28.846154
4982	15.000000
4984	4.807692
4988	22.211538
499	18.750000
4995	9.615385
5	19.967917
50	21.816849
500	12.461671
5000	15.384615
50040	14.423077
5007	9.615385
501	4.761905
5010	27.788462
5016	17.241379
502	18.390977
50220	20.192308
503	51.737136
504	17.717541
5040	75.529517
505	18.956482
50559	20.909091
506	48.821845
5067	20.000000
507	13.894137
5076	19.653846
5078	14.285714
5079	840.000000
508	10.000000
5085	22.211538
509	16.134316
5095	22.211538
51	23.163025
510	67.803087
5105	13.725962
511	17.145015
5112	14.903847
512	18.349121
5120	9.615385
5126	0.000000
513	4.477612
5130	251.802885
5135	15.272436
514	167.738721
51480	13.461538
515	23.079976
5152	1.923077
516	16.853793
5160	226.115964
5168	0.000000
517	23.478261
5170	21.201923
5175	27.500000
5178	0.000000
518	18.742652
5184	22.211538
519	20.000000
5190	15.384615
5194	10.256410
52	22.145120
520	47.332662
5200	2.877698
5203	18.589744
5206	20.192308
521	15.486425
522	30.167388
5220	121.391784
5228452	5.000000
523	59.535043
5233	22.211538
5236	19.230769
524	29.930070
5245	22.211538
525	21.062859
52560	19.230769
526	13.182894
5265	27.788462
5269	68.269231
527	18.293651
5271	0.000000
527878	27.578947
528	27.486473
5280	149.257144
5289	20.192308
529	20.803009
5292	22.211538
5297	20.192308
53	22.985466
530	17.021669
5309	1.000000
531	14.653333
5310	90.096154
532	140.145238
5322	20.721153
5328	10.812402
53280	13.461538
533	238.686869
534	23.360902
5340	15.384615
5344	19.726458
5348	67.692307
535	10.000000
5355	19.230769
53563	16.666667
536	19.642857
5360	0.000000
5369	22.211538
537	24.841270
538	28.571429
54	22.223797
540	53.072398
5400	124.593567
541	75.000000
5416	0.200000
5418	15.384615
542	22.857143
5427	19.972091
543	28.214286
5432	22.211538
5436	19.230769
544	72.297673
5440	11.538462
5445	13.894231
545	15.153268
5451	20.192308
5454	23.076923
546	17.308104
5465	22.211538
547	18.227774
5472	19.839744
548	24.145469
5480	32.980769
549	17.601496
5490	15.384615
5498	9.615385
55	23.442140
550	20.899791
5502	720.000000
55080	210.096154
551	0.000000
5510	17.692307
552	21.761657
5520	19.247427
553	129.733217
5530	20.192308
554	41.516458
5544	19.663462
55440	14.423077
555	19.409174
5550	22.211538
555923	24.000000
556	81.853656
5560	19.230769
5563	19.663462
557	23.229630
558	15.081633
5580	92.991195
55800	12.631579
559	20.615385
5593	17.307692
5596	16.089743
56	22.446159
560	116.061975
5600	21.858974
5605	5.600000
561	15.555556
5616	17.275641
56160	0.000000
562	22.800505
5625	9.615385
5629	27.500000
563	21.369048
564	147.435897
5640	46.512588
565	53.828570
56520	20.192308
5660	27.788462
5663	21.428571
567	15.932294
568	15.048077
5688	36.000000
56880	480.000000
569	12.187029
57	22.525435
570	18.554459
5708	16.610577
571	9.520637
5715	15.384615
572	13.756410
5727	20.192308
573	16.726109
5730	15.384615
57301	14.814815
5732	19.230769
574	26.160714
575	16.428572
5759	224.761072
576	38.894834
5760	66.766766
577	20.984093
57795	11.538462
578	17.441130
579	50.858355
57900	21.250000
5792	13.461538
58	24.546399
580	28.571429
5800	22.019231
581	26.511752
5811	15.384615
5815	14.942308
5819	20.192308
582	15.188034
582403	21.428571
583	17.247511
5832	20.233618
5839	20.000000
585	22.115491
5850	21.006075
586	8.333334
5862	27.788462
58680	25.240385
587	20.170940
588	32.432432
5880	20.913462
589	20.552885
5895	13.788462
59	23.585645
590	11.428572
59039	23.076923
5904	71.242308
591	138.041667
5910	7.692308
5914	22.211538
591409	20.714286
592	24.078884
5920	22.211538
5923	22.211538
593	213.333334
594	18.941468
5940	96.295572
5949167	21.538462
595	21.666667
5960	15.817308
5965	19.402985
597	189.287869
5970	0.000000
5976	3.846154
59760	20.432693
5989	22.211538
6	20.042224
60	24.204786
600	43.116238
6000	22.618816
601	28.095238
6012	14.442308
6017	22.211538
602	25.000000
603	16.666667
6030	22.211538
604	25.391483
6048	211.105769
60480	29.903846
605	19.819466
606	12.457646
607	14.070513
608	22.059422
60839	21.153846
6084	84.807693
6087	22.211538
609	13.532086
61	22.796346
610	20.000000
611	23.963586
612	147.904832
6120	51.157977
61200	14.423077
613	15.737179
614	15.498002
6144	9.615385
6147	22.019231
615	0.000000
6156	22.019231
61560	23.870880
616	23.333333
617	31.576612
6171	13.461538
618	20.206186
6185	12.173077
619	21.405406
62	24.884326
620	14.659267
6209	20.192308
621	76.939451
6210	28.846154
6218	11.290109
6222	13.461538
623	19.686235
624	113.100961
6240	76.154631
625	9.470588
6255	25.500000
625505	9.523810
626	18.983360
6263	17.948718
62639	11.538462
627	24.070513
628	20.000000
629	23.076923
63	24.198995
630	60.132390
6300	78.137506
631	10.096154
6316	19.230769
63170149	32.068966
632	24.522189
6320	24.855769
6325	20.192308
633	21.573803
6330	21.153846
6336	1200.000000
63360	18.401506
634	37.021475
6345	30.163934
6349	9.615385
635	17.467507
636	85.961538
6360	45.791094
637	9.267841
6377	1680.000000
638	20.532652
6390	400.000000
64	22.763381
640	332.496877
6408	15.801282
64080	172.596154
641	9.677419
642	29.884615
6420	19.980643
6428	13.461538
643	24.523809
6432840	21.666667
6435	5.769231
644	19.128466
6443	21.153846
6447	22.211538
645	19.684307
6459	22.857143
646	25.000000
647	22.222222
6479	20.192307
648	101.958430
6480	53.623387
649	0.000000
65	25.991583
650	21.379310
651	0.071429
6510	27.788462
6512	22.211538
6516	27.788462
65160	20.192308
652	18.397436
6520	880.000000
6525	19.230769
653	27.333333
654	145.357143
6540	22.019231
655	20.796944
6551	9.615385
656	7.658568
657	124.997070
6570	193.397436
6578	8.547009
658	20.416667
65806456	28.571429
6588	22.211538
65880	20.192308
659	28.571429
6592	13.788462
66	26.757642
660	82.498120
6600	13.098291
661	0.000000
6610	22.211538
6615	22.019231
662	20.000000
6623	25.000000
66240	129.615385
663	167.632784
6637	27.788462
664	111.470588
6640	9.615385
6643	11.105769
6646	11.538462
665	27.435065
6658378	21.000000
6659	13.461538
666	27.989434
6660	83.954416
66600	27.788462
667	19.396241
6679	7.088316
668	124.801082
669	14.166666
6696	19.412568
669775	9.523810
67	24.770577
670	156.101191
671	19.648352
6719	70.264103
672	0.000000
673	160.000000
6737	22.211538
675	70.736888
6750	20.224359
675850	20.701754
6759	22.019231
676	20.000000
6768	17.925824
677	21.014531
678	22.222222
6784	0.000000
6788	20.000000
679	20.213675
68	23.012608
680	38.548535
6800	18.221154
68040	25.000000
681	22.222222
6810	23.076923
682	10.000000
683	25.000000
684	66.589309
6840	22.539574
68400	30.288462
6845846	16.666667
685	18.914141
686	18.620689
687	14.758242
6876	9.615384
6879	19.230769
688	19.058765
689	25.666666
6891	340.096154
69	23.243809
690	162.067308
6900	15.384615
691	24.864865
6912	1.785714
69120	40.000000
6919110	0.000000
692	48.194158
6920	1.923077
694	150.000000
6942	15.384615
6948	11.105769
69480	9.615385
695	37.500000
6959	19.230769
696	22.036034
6960	22.259615
697	21.666667
698	28.019293
6984	15.384615
699	24.381868
7	20.120347
70	25.373915
700	15.384615
7000	15.853265
701	13.297414
702	14.065401
7020	45.509574
7026412	28.953488
703	10.000000
704	14.938775
7045	10.673077
704608	21.333333
705	16.184149
7056	170.096154
706	7.472727
707	18.181818
708	4.166666
7080	13.836081
7085299	27.578947
709	23.692982
7092	19.230769
7097	20.192308
71	23.435616
710	0.000000
711	25.000000
7110	24.855769
712	10.312500
7120	25.000000
7128	21.201923
713	31.478722
7140	22.019231
71533144	9.523810
7159	13.894231
7169	9.615385
717	22.857143
719	65.685312
72	26.443461
720	71.334562
7200	56.246884
72000	256.000000
721	21.428571
722	22.500000
7222	3.333333
723	12.727272
7232	20.500000
724	22.019231
7245	6.730769
726	8.333334
7260	17.403847
7262	600.000000
727	19.615384
7272	19.230769
72720	14.903847
728	19.474135
7280	25.192308
73	25.230730
730	23.942307
7307	25.641026
73080	10.909091
731	20.192308
732	23.152173
7320	23.187322
73247129	27.777778
733	4.024823
7335	16.610577
734	21.105769
7344	19.110577
735	17.352941
736	161.575630
737	17.407407
7379	81.294614
738	21.333333
7380	17.179487
73800	9.615385
739	22.000000
7399	20.192308
74	23.994540
740	18.951613
7401244	21.025641
741	15.565443
7416	140.096154
742	20.067946
7425	11.105769
743	14.727273
744	17.104084
7440	484.951923
745	129.546704
74520	20.192308
7457	23.076923
746	4.818197
747	183.085165
748	11.428572
7488	5.769231
749	30.000000
75	25.487069
750	127.499818
751	12.641026
752	127.699028
7523	22.211538
753	23.076923
754	0.000000
755	32.490909
756	17.427885
7560	76.412381
757	18.128671
758	14.807692
759	28.571429
76	24.066809
760	150.413558
7600	21.105770
7604	18.293269
761	551.428571
7611	20.192308
762	16.105350
7622384	7.407407
763	14.285714
76449	25.510204
765	16.308341
7650	517.692307
766	13.855994
7668	22.211538
768	25.935778
7680	20.929487
769	11.666667
7692544	21.250000
77	26.514902
770	24.166667
771	73.323887
7714	23.605770
774	19.921039
7740	40.426800
77400	30.288462
775	146.363365
776	54.285714
7760	22.211538
7765	20.192308
777	5.923913
7776	110.096154
778	25.000000
779	13.894231
7799	10.809117
78	23.245771
780	89.784649
781	20.000000
782	25.019841
7821	20.192308
7829	14.807692
783	28.560320
784	13.559322
7840	22.211538
785	235.131976
786	9.523810
7868	18.269231
787	358.214286
7875	14.019231
7879	15.913462
788	19.190476
789	25.800000
79	23.699152
790	24.983274
7919	34.961538
792	40.177703
7920	39.512219
793	33.333333
79380	20.192308
794	4.545455
795	22.246860
7956	9.615385
7959	27.500000
797	116.323077
798	20.416666
7991	200.000000
8	20.165834
80	25.917065
800	54.162229
801	10.383888
8010	74.006410
8018	400.000000
802	0.000000
803	119.230769
804	104.190215
8040	15.384615
8054	22.211538
806	13.513514
8063	29.855769
80672309	32.307692
807	24.811490
8074	18.365385
8080	22.019231
809	20.833333
81	27.063247
810	128.175549
8100	15.849452
811	28.846154
812	15.037594
8125	20.705128
813	6.756757
8136	22.211538
814	13.461538
816	16.528846
817	20.515111
8172	22.211538
8177	22.692308
818	188.927253
819	24.346553
8190	22.019231
82	28.709817
820	28.571429
8208	13.461538
821	0.000000
822	16.218205
8228	18.057692
8235	13.461538
824	16.564815
825	18.858573
826	0.000000
827	18.557692
828	17.401961
8280	66.965915
83	25.560704
830	108.048535
831	19.159673
832	15.278519
8320	19.230769
83250511	15.384615
833	40.741164
834	25.000000
835	10.989473
837	11.111111
8370	20.192308
838	17.402597
839	90.775404
84	24.907128
840	38.552381
841	40.000000
8418	20.192308
843	19.230769
844	2.941177
84463	32.142857
845	16.493507
846	12.496241
8460	15.862032
847	21.641665
8470	0.000000
848	20.740741
85	25.002203
850	22.211538
851	1520.000000
852	6.737435
853	44.444444
8537	22.211538
854	0.000000
855	71.011566
856	34.000000
8560	22.211538
85680	0.000000
857	16.942129
858	20.000000
8580	22.211538
859	166.500000
8595	27.500000
86	28.152758
860	18.701923
861	1510.000000
8616	21.935484
862	32.000000
864	49.909249
8640	19.853177
866	0.000000
867	20.000000
868	21.587301
8685	21.298077
869	34.666667
8691	27.788462
87	23.813503
870	15.822348
8700	19.230769
871	172.910256
8712	17.307692
872	36.914133
8720	23.076923
873	5.769231
8730	22.211538
874	74.483054
8742	14.423077
876	7.692308
8760	13.179487
877	16.145390
8770	21.739130
8775	21.201923
878	14.308608
8794	20.192308
88	26.328814
880	187.557692
881	9.137984
882	20.869565
8820	76.282374
883	73.451986
8840	880.000000
8845	17.788462
885	22.222222
8850	22.211538
886	21.303572
8865	14.423077
888	11.444250
8888	5.769231
889	131.105769
8897	22.211538
89	28.051356
890	22.438187
891	20.000000
892	21.766789
8940	0.000000
8948	22.019231
8955	27.500000
895528	28.947368
896	20.000000
8960	19.230769
897	21.729730
9	20.206972
90	36.918763
900	80.388246
9000	80.952305
904	0.000000
905	125.000000
9051	22.211538
907	10.251845
908	0.000000
9085846	20.833333
9086	16.666667
909	16.837607
9090	20.192308
91	26.484269
910	6.750000
911	16.687025
912	14.285714
9120	15.407407
913	57.986808
9135	5.769231
914	0.000000
9154	10.096154
916	15.354059
917	13.750000
918	15.384615
9180	62.559982
919	7.957265
92	23.686910
920	23.403846
9200	6.666667
9205	10.576923
9215	20.740741
922	15.625000
9225	22.211538
924	20.000000
9240	20.192308
925	28.532574
926	11.594937
927	3.750000
9270	21.581633
928	19.754902
929	9.294872
93	28.601992
930	18.452932
931	21.019231
9315	9.615385
932	25.000000
934	19.759615
9344257	20.869565
936	19.015951
9360	110.059021
937	0.333333
938	0.000000
939	16.666667
94	23.551175
940	12.104283
941	19.129274
942	13.236313
9432	21.837838
944	33.333333
945	22.410633
9450	20.192308
946	26.000000
9462	25.192308
947	17.894737
948	20.000000
9480	14.423077
949	20.555556
95	24.977399
950	24.912281
9503	20.192308
951	29.615384
9511	17.142857
952	144.135309
954	18.907343
9540	43.248810
955	20.192308
95575237	22.000000
956	20.769231
95695	21.250000
957	22.222222
958	33.333333
96	25.387494
960	91.331164
9600	12.187500
962	20.192308
963	90.000000
9630	20.500000
964	20.288462
9648	22.735043
965	20.000000
966	17.500000
967	25.526262
9675	22.211538
968	0.000000
969	20.090812
97	27.162357
970	5.500000
971	21.052632
9719	9.615385
972	10.923745
9720	102.752828
97200	20.192308
973	7.692308
974	9.900711
976	16.216216
9765	9.615385
977	11.223567
978	40.000000
9780	146.866824
979	20.000000
98	27.601717
980	22.500000
981	64.653855
9810	20.192308
983	23.639456
984	21.826923
985	31.578947
986	22.211538
9864	12.500000
987	1700.000000
9874	23.846154
989	136.268493
99	25.044542
990	60.800284
9900	32.119054
992	18.000000
9922	0.000000
993	27.551020
994	20.000000
995	13.750000
996	16.119385
9960	8.620690
9965187	14.084507
997	0.000000
9977	20.192308
998	21.2
