-10	20.00
-2	16.80
-20	1.67
-3	15.90
-4	438.00
-5	395.28
-6	121.32
-635	-0.69
-642	-0.70
-648	-0.29
-651	-0.18
-7	20.71
-8	21.65
-9	27.72
1	625.00
10	19.10
100	8.61
101	14.87
102	25.51
103	16.06
104	13.96
105	13.24
106	16.01
107	18.50
108	18.16
109	10.83
11	18.79
110	9.38
111	16.27
112	15.10
113	17.13
114	15.64
115	12.17
116	13.99
117	18.16
118	15.42
119	17.49
12	18.52
120	10.07
121	20.23
122	22.10
123	21.91
124	18.04
125	9.82
126	8.93
127	10.00
128	16.42
129	7.56
13	18.34
130	6.71
131	10.43
132	11.54
133	12.31
134	11.11
135	10.29
136	15.97
137	14.23
138	22.53
139	11.74
14	18.19
140	7.58
141	17.07
142	12.23
143	6.72
144	14.95
145	3.63
146	15.49
147	9.54
148	12.57
149	4.15
15	18.06
150	7.37
151	9.56
152	19.67
153	0.13
155	6.30
156	11.47
157	8.19
158	0.79
159	11.02
16	17.99
160	9.90
161	13.17
162	10.41
163	9.35
164	12.61
165	17.66
166	13.51
167	22.50
168	16.33
169	11.83
17	17.95
170	13.41
171	11.70
173	20.00
174	20.66
175	10.90
176	8.52
178	12.81
179	8.36
18	17.95
180	7.82
181	0.00
182	0.00
184	15.00
185	11.32
186	20.00
187	12.49
188	21.46
189	8.47
19	17.91
190	5.47
191	11.13
192	17.73
193	10.34
194	5.66
195	15.74
197	0.00
199	6.50
2	186.40
20	17.78
200	5.20
201	10.00
202	0.00
205	20.47
208	12.40
209	24.04
21	17.74
210	10.09
211	0.00
215	4.00
216	0.00
217	6.90
22	17.69
220	3.69
222	11.26
223	9.96
225	5.25
228	18.83
23	17.62
230	5.90
232	0.00
233	20.00
235	8.40
238	20.00
24	17.61
240	7.92
241	0.00
243	20.00
245	0.00
246	13.82
247	5.26
249	3.34
25	17.55
250	7.18
251	20.65
255	6.67
256	0.00
26	17.59
260	7.73
263	0.00
265	10.50
268	0.00
27	17.57
270	6.42
271	25.09
275	9.75
28	17.63
280	6.76
284	10.56
285	10.12
287	0.00
288	0.69
29	17.64
290	0.00
295	1.69
3	28.45
30	17.61
300	9.67
303	0.00
306	0.00
31	17.61
310	0.00
32	17.54
320	7.81
325	6.54
328	22.87
33	17.57
330	10.00
333	20.00
335	20.00
34	17.49
340	8.59
35	17.41
350	9.52
353	0.00
355	25.00
36	17.35
360	0.00
365	0.96
37	17.37
370	18.33
375	20.57
38	17.38
380	5.26
384	0.00
39	17.33
390	10.00
4	24.67
40	17.12
400	1.90
41	17.20
418	1.67
42	17.07
420	4.76
43	17.09
435	30.00
44	16.82
440	0.00
45	16.63
450	8.02
46	16.82
460	4.35
47	16.78
470	5.32
475	0.00
48	16.60
480	0.00
49	16.54
495	0.00
499	0.10
5	22.72
50	15.94
500	5.30
51	16.80
52	18.25
53	17.16
54	17.05
55	16.16
56	16.85
57	16.91
58	16.58
59	16.54
6	21.49
60	14.80
600	0.00
61	17.17
62	16.94
63	17.09
64	16.58
65	14.12
66	16.43
67	16.72
68	15.22
69	16.17
7	20.60
70	12.98
71	15.86
72	15.51
73	16.07
74	16.81
75	13.44
76	17.40
77	16.43
78	18.44
79	16.90
8	19.95
80	11.99
800	0.00
81	17.55
82	15.83
83	16.41
84	18.41
85	13.93
86	18.61
87	15.44
88	15.98
89	15.30
9	19.49
90	11.58
900	44.44
91	17.14
92	16.00
93	16.97
94	15.12
95	9.20
96	17.30
97	13.95
98	15.95
99	10.18
995	0.00
