0,00	19.73
0,01	19.76
0,02	19.92
0,03	19.69
0,04	19.62
0,05	19.64
0,06	19.43
0,07	19.54
0,08	19.84
0,09	19.97
0,10	19.90
0,11	19.56
0,12	19.43
0,13	19.32
0,14	19.25
0,15	19.34
0,16	19.38
0,17	19.49
0,18	19.35
0,19	19.31
0,20	19.82
0,21	19.94
0,22	19.92
0,23	19.77
1,00	20.39
1,01	20.51
1,02	20.58
1,03	20.47
1,04	20.40
1,05	20.29
1,06	19.01
1,07	19.05
1,08	19.14
1,09	19.10
1,10	19.49
1,11	19.74
1,12	19.84
1,13	19.78
1,14	19.83
1,15	19.83
1,16	21.26
1,17	21.38
1,18	21.11
1,19	21.07
1,20	20.49
1,21	20.50
1,22	20.50
1,23	20.34
