-1,0,00	20.78,2403
-1,0,01	21.06,2031
-1,0,02	20.47,1028
-1,0,03	20.74,625
-1,0,04	21.24,367
-1,0,05	20.67,135
-1,0,06	20.15,127
-1,0,07	21.59,233
-1,0,08	21.24,377
-1,0,09	21.62,604
-1,0,10	83.31,1051
-1,0,11	20.42,1915
-1,0,12	20.09,2494
-1,0,13	19.76,2891
-1,0,14	19.80,3276
-1,0,15	19.65,3674
-1,0,16	19.51,3071
-1,0,17	19.76,2822
-1,0,18	19.71,3912
-1,0,19	19.48,4111
-1,0,20	20.99,3397
-1,0,21	21.92,2598
-1,0,22	20.96,2763
-1,0,23	20.85,2574
-1,1,00	21.72,8284
-1,1,01	22.30,4051
-1,1,02	23.09,2023
-1,1,03	23.67,1063
-1,1,04	24.33,588
-1,1,05	23.16,444
-1,1,06	22.79,727
-1,1,07	22.36,1679
-1,1,08	21.38,3481
-1,1,09	20.80,6127
-1,1,10	20.67,8266
-1,1,11	20.66,10231
-1,1,12	36.17,12747
-1,1,13	20.22,12698
-1,1,14	20.55,13425
-1,1,15	20.16,11887
-1,1,16	21.83,7701
-1,1,17	21.44,6913
-1,1,18	20.85,11428
-1,1,19	20.97,15051
-1,1,20	20.58,15830
-1,1,21	21.07,12201
-1,1,22	21.47,13289
-1,1,23	21.36,14175
0,0,00	19.36,134002
0,0,01	19.36,154627
0,0,02	20.49,147780
0,0,03	19.38,125949
0,0,04	19.52,74303
0,0,05	19.35,21590
0,0,06	18.41,15734
0,0,07	18.04,19583
0,0,08	18.52,27072
0,0,09	18.53,35939
0,0,10	18.68,41861
0,0,11	18.60,44890
0,0,12	18.50,46578
0,0,13	18.62,47124
0,0,14	18.66,44720
0,0,15	18.60,42484
0,0,16	18.65,39394
0,0,17	18.87,44457
0,0,18	18.79,52711
0,0,19	18.81,57911
0,0,20	19.27,57618
0,0,21	19.50,59084
0,0,22	19.54,65950
0,0,23	19.35,77572
0,1,00	19.84,143589
0,1,01	19.95,100424
0,1,02	20.24,66930
0,1,03	19.87,44247
0,1,04	20.10,29606
0,1,05	18.45,23971
0,1,06	17.52,54079
0,1,07	17.56,100714
0,1,08	17.75,126722
0,1,09	17.80,116594
0,1,10	18.35,86935
0,1,11	18.57,73343
0,1,12	18.63,76230
0,1,13	18.70,72525
0,1,14	18.71,73372
0,1,15	18.75,73279
0,1,16	19.97,69235
0,1,17	20.29,94251
0,1,18	20.25,123740
0,1,19	20.35,137022
0,1,20	20.76,143187
0,1,21	19.90,159490
0,1,22	19.96,178331
0,1,23	19.78,194498
1,0,00	19.76,1450405
1,0,01	19.80,1303355
1,0,02	19.84,1079334
1,0,03	19.73,811188
1,0,04	19.62,485663
1,0,05	19.62,177293
1,0,06	19.53,150605
1,0,07	19.67,223411
1,0,08	19.93,374271
1,0,09	20.06,569155
1,0,10	19.88,754801
1,0,11	19.61,912178
1,0,12	19.47,1025182
1,0,13	19.35,1038213
1,0,14	19.28,993883
1,0,15	19.37,957609
1,0,16	19.42,864050
1,0,17	19.52,901294
1,0,18	19.37,1130505
1,0,19	19.33,1214660
1,0,20	19.84,1179668
1,0,21	19.95,1112458
1,0,22	19.94,1110752
1,0,23	19.79,1084168
1,1,00	20.42,1892186
1,1,01	20.55,1140924
1,1,02	20.60,699806
1,1,03	20.52,422865
1,1,04	20.42,285145
1,1,05	20.41,353545
1,1,06	19.08,1142977
1,1,07	19.10,2483266
1,1,08	19.18,3376393
1,1,09	19.14,3554647
1,1,10	19.52,2871982
1,1,11	19.77,2530641
1,1,12	19.79,2671895
1,1,13	19.81,2501232
1,1,14	19.85,2581219
1,1,15	19.86,2481817
1,1,16	21.30,2018905
1,1,17	21.42,2375193
1,1,18	21.14,3542399
1,1,19	21.09,4102451
1,1,20	20.48,4047495
1,1,21	20.52,3858223
1,1,22	20.52,3643299
1,1,23	20.37,3115580
2,0,00	23.43,643
2,0,01	27.17,670
2,0,02	27.10,647
2,0,03	35.17,603
2,0,04	28.62,524
2,0,05	50.65,287
2,0,06	21.38,221
2,0,07	18.04,221
2,0,08	23.45,261
2,0,09	18.74,298
2,0,10	19.81,319
2,0,11	19.36,359
2,0,12	19.46,287
2,0,13	21.83,285
2,0,14	20.21,275
2,0,15	24.02,263
2,0,16	19.75,307
2,0,17	20.08,396
2,0,18	19.47,382
2,0,19	19.42,322
2,0,20	22.25,321
2,0,21	21.92,316
2,0,22	25.92,359
2,0,23	31.45,393
2,1,00	25.38,855
2,1,01	24.40,642
2,1,02	27.27,514
2,1,03	32.77,337
2,1,04	23.61,315
2,1,05	17.72,419
2,1,06	17.13,949
2,1,07	19.73,1504
2,1,08	19.62,1473
2,1,09	20.18,1076
2,1,10	27.78,731
2,1,11	20.38,593
2,1,12	19.87,575
2,1,13	24.07,515
2,1,14	23.35,544
2,1,15	29.57,521
2,1,16	26.93,578
2,1,17	21.15,751
2,1,18	27.24,794
2,1,19	22.00,822
2,1,20	21.02,876
2,1,21	26.52,912
2,1,22	25.73,1054
2,1,23	27.09,1081
